1.0E-6 1.0E-6 1.0E-6 1.0E-6 1.0E-6 1.0E-6 1.0E-6 1.0E-6 1.0E-6 1.0E-6 1.0E-6 1.0E-6 1.0E-6 1.0E-6 1.0E-6 1.0E-6 1.0E-6 1.0E-6 1.0E-6 1.0E-6 1.0E-6 1.0E-6 1.0E-6 1.0E-6 1.0E-6 1.0E-6 1.0E-6 1.0E-6 1.0E-6 1.0E-6 1.0E-6 1.0E-6 1.0E-6 1.0E-6 1.0E-6 1.0E-6 1.0E-6 1.0E-6 1.0E-6 1.0E-6 
1.0E-6 1.0E-6 1.0E-6 1.0E-6 1.0E-6 1.0E-6 1.0E-6 1.0E-6 1.0E-6 1.0E-6 1.0E-6 1.0E-6 1.0E-6 1.0E-6 1.0E-6 1.0E-6 1.0E-6 1.0E-6 1.0E-6 1.0E-6 1.0E-6 1.0E-6 1.0E-6 1.0E-6 1.0E-6 1.0E-6 1.0E-6 1.0E-6 1.0E-6 1.0E-6 1.0E-6 1.0E-6 1.0E-6 1.0E-6 1.0E-6 1.0E-6 1.0E-6 1.0E-6 1.0E-6 1.0E-6 
1.0E-6 1.0E-6 1.0E-6 1.0E-6 1.0E-6 1.0E-6 1.0E-6 1.0E-6 1.0E-6 1.0E-6 1.0E-6 1.0E-6 1.0E-6 1.0E-6 1.0E-6 1.0E-6 1.0E-6 1.0E-6 1.0E-6 1.0E-6 1.0E-6 1.0E-6 1.0E-6 1.0E-6 1.0E-6 1.0E-6 1.0E-6 1.0E-6 1.0E-6 1.0E-6 1.0E-6 1.0E-6 1.0E-6 1.0E-6 1.0E-6 1.0E-6 1.0E-6 1.0E-6 1.0E-6 1.0E-6 
1.0E-6 1.0E-6 1.0E-6 1.0E-6 1.0E-6 1.0E-6 1.0E-6 1.0E-6 1.0E-6 1.0E-6 1.0E-6 1.0E-6 1.0E-6 1.0E-6 1.0E-6 1.0E-6 1.0E-6 1.0E-6 1.0E-6 1.0E-6 1.0E-6 1.0E-6 1.0E-6 1.0E-6 1.0E-6 1.0E-6 1.0E-6 1.0E-6 1.0E-6 1.0E-6 1.0E-6 1.0E-6 1.0E-6 1.0E-6 1.0E-6 1.0E-6 1.0E-6 1.0E-6 1.0E-6 1.0E-6 
1.0E-6 1.0E-6 1.0E-6 1.0E-6 1.0E-6 1.0E-6 1.0E-6 1.0E-6 1.0E-6 1.0E-6 1.0E-6 1.0E-6 1.0E-6 1.0E-6 1.0E-6 1.0E-6 1.0E-6 1.0E-6 1.0E-6 1.0E-6 1.0E-6 1.0E-6 1.0E-6 1.0E-6 1.0E-6 1.0E-6 1.0E-6 1.0E-6 1.0E-6 1.0E-6 1.0E-6 1.0E-6 1.0E-6 1.0E-6 1.0E-6 1.0E-6 1.0E-6 1.0E-6 1.0E-6 1.0E-6 
1.0E-6 1.0E-6 1.0E-6 1.0E-6 1.0E-6 1.0E-6 1.0E-6 1.0E-6 1.0E-6 1.0E-6 1.0E-6 1.0E-6 1.0E-6 1.0E-6 1.0E-6 1.0E-6 1.0E-6 1.0E-6 1.0E-6 1.0E-6 1.0E-6 1.0E-6 1.0E-6 1.0E-6 1.0E-6 1.0E-6 1.0E-6 1.0E-6 1.0E-6 1.0E-6 1.0E-6 1.0E-6 1.0E-6 1.0E-6 1.0E-6 1.0E-6 1.0E-6 1.0E-6 1.0E-6 1.0E-6 
1.0E-6 1.0E-6 1.0E-6 1.0E-6 1.0E-6 1.0E-6 1.0E-6 1.0E-6 1.0E-6 1.0E-6 1.0E-6 1.0E-6 1.0E-6 1.0E-6 1.0E-6 1.0E-6 1.0E-6 1.0E-6 1.0E-6 1.0E-6 1.0E-6 1.0E-6 1.0E-6 1.0E-6 1.0E-6 1.0E-6 1.0E-6 1.0E-6 1.0E-6 1.0E-6 1.0E-6 1.0E-6 1.0E-6 1.0E-6 1.0E-6 1.0E-6 1.0E-6 1.0E-6 1.0E-6 1.0E-6 
1.0E-6 1.0E-6 1.0E-6 1.0E-6 1.0E-6 1.0E-6 1.0E-6 1.0E-6 1.0E-6 1.0E-6 1.0E-6 1.0E-6 1.0E-6 1.0E-6 1.0E-6 1.0E-6 1.0E-6 1.0E-6 1.0E-6 1.0E-6 1.0E-6 1.0E-6 1.0E-6 1.0E-6 1.0E-6 1.0E-6 1.0E-6 1.0E-6 1.0E-6 1.0E-6 1.0E-6 1.0E-6 1.0E-6 1.0E-6 1.0E-6 1.0E-6 1.0E-6 1.0E-6 1.0E-6 1.0E-6 
1.0E-6 1.0E-6 1.0E-6 1.0E-6 1.0E-6 1.0E-6 1.0E-6 1.0E-6 1.0E-6 1.0E-6 1.0E-6 1.0E-6 1.0E-6 1.0E-6 1.0E-6 1.0E-6 1.0E-6 1.0E-6 1.0E-6 1.0E-6 1.0E-6 1.0E-6 1.0E-6 1.0E-6 1.0E-6 1.0E-6 1.0E-6 1.0E-6 1.0E-6 1.0E-6 1.0E-6 1.0E-6 1.0E-6 1.0E-6 1.0E-6 1.0E-6 1.0E-6 1.0E-6 1.0E-6 1.0E-6 
1.0E-6 1.0E-6 1.0E-6 1.0E-6 1.0E-6 1.0E-6 1.0E-6 1.0E-6 1.0E-6 1.0E-6 1.0E-6 1.0E-6 1.0E-6 1.0E-6 1.0E-6 1.0E-6 1.0E-6 1.0E-6 1.0E-6 1.0E-6 1.0E-6 1.0E-6 1.0E-6 1.0E-6 1.0E-6 1.0E-6 1.0E-6 1.0E-6 1.0E-6 1.0E-6 1.0E-6 1.0E-6 1.0E-6 1.0E-6 1.0E-6 1.0E-6 1.0E-6 1.0E-6 1.0E-6 1.0E-6 
1.0E-6 1.0E-6 1.0E-6 1.0E-6 1.0E-6 1.0E-6 1.0E-6 1.0E-6 1.0E-6 1.0E-6 1.0E-6 1.0E-6 1.0E-6 1.0E-6 1.0E-6 1.0E-6 1.0E-6 1.0E-6 1.0E-6 1.0E-6 1.0E-6 1.0E-6 1.0E-6 1.0E-6 1.0E-6 1.0E-6 1.0E-6 1.0E-6 1.0E-6 1.0E-6 1.0E-6 1.0E-6 1.0E-6 1.0E-6 1.0E-6 1.0E-6 1.0E-6 1.0E-6 1.0E-6 1.0E-6 
1.0E-6 1.0E-6 1.0E-6 1.0E-6 1.0E-6 1.0E-6 1.0E-6 1.0E-6 1.0E-6 1.0E-6 1.0E-6 1.0E-6 1.0E-6 1.0E-6 1.0E-6 1.0E-6 1.0E-6 1.0E-6 1.0E-6 1.0E-6 1.0E-6 1.0E-6 1.0E-6 1.0E-6 1.0E-6 1.0E-6 1.0E-6 1.0E-6 1.0E-6 1.0E-6 1.0E-6 1.0E-6 1.0E-6 1.0E-6 1.0E-6 1.0E-6 1.0E-6 1.0E-6 1.0E-6 1.0E-6 
1.0E-6 1.0E-6 1.0E-6 1.0E-6 1.0E-6 1.0E-6 1.0E-6 1.0E-6 1.0E-6 1.0E-6 1.0E-6 1.0E-6 1.0E-6 1.0E-6 1.0E-6 1.0E-6 1.0E-6 1.0E-6 1.0E-6 1.0E-6 1.0E-6 1.0E-6 1.0E-6 1.0E-6 1.0E-6 1.0E-6 1.0E-6 1.0E-6 1.0E-6 1.0E-6 1.0E-6 1.0E-6 1.0E-6 1.0E-6 1.0E-6 1.0E-6 1.0E-6 1.0E-6 1.0E-6 1.0E-6 
1.0E-6 1.0E-6 1.0E-6 1.0E-6 1.0E-6 1.0E-6 1.0E-6 1.0E-6 1.0E-6 1.0E-6 1.0E-6 1.0E-6 1.0E-6 1.0E-6 1.0E-6 1.0E-6 1.0E-6 1.0E-6 1.0E-6 1.0E-6 1.0E-6 1.0E-6 1.0E-6 1.0E-6 1.0 1.0E-6 1.0E-6 1.0E-6 1.0E-6 1.0E-6 1.0E-6 1.0E-6 1.0E-6 1.0E-6 1.0E-6 1.0E-6 1.0E-6 1.0E-6 1.0E-6 1.0E-6 
1.0E-6 1.0E-6 1.0E-6 1.0E-6 1.0E-6 1.0E-6 1.0E-6 1.0E-6 1.0E-6 1.0E-6 1.0E-6 1.0E-6 1.0E-6 1.0E-6 1.0E-6 1.0E-6 1.0E-6 1.0E-6 1.0E-6 1.0E-6 1.0E-6 0.25 1.0E-6 0.5 0.25 1.0E-6 1.0E-6 1.0E-6 1.0E-6 1.0E-6 1.0E-6 1.0E-6 1.0E-6 1.0E-6 1.0E-6 1.0E-6 1.0E-6 1.0E-6 1.0E-6 1.0E-6 
1.0E-6 1.0E-6 1.0E-6 1.0E-6 1.0E-6 1.0E-6 1.0E-6 1.0E-6 1.0E-6 1.0E-6 1.0E-6 1.0E-6 1.0E-6 1.0E-6 1.0E-6 1.0E-6 1.0E-6 1.0E-6 1.0E-6 1.0E-6 1.0E-6 0.4 1.0E-6 0.06666666666666667 0.2 0.26666666666666666 0.06666666666666667 1.0E-6 1.0E-6 1.0E-6 1.0E-6 1.0E-6 1.0E-6 1.0E-6 1.0E-6 1.0E-6 1.0E-6 1.0E-6 1.0E-6 1.0E-6 
1.0E-6 1.0E-6 1.0E-6 1.0E-6 1.0E-6 1.0E-6 1.0E-6 1.0E-6 1.0E-6 1.0E-6 1.0E-6 1.0E-6 1.0E-6 1.0E-6 1.0E-6 1.0E-6 1.0E-6 1.0E-6 1.0E-6 1.0E-6 1.0E-6 0.2719298245614035 0.043859649122807015 0.21052631578947367 0.43859649122807015 0.02631578947368421 0.008771929824561403 1.0E-6 1.0E-6 1.0E-6 1.0E-6 1.0E-6 1.0E-6 1.0E-6 1.0E-6 1.0E-6 1.0E-6 1.0E-6 1.0E-6 1.0E-6 
1.0E-6 1.0E-6 1.0E-6 1.0E-6 1.0E-6 1.0E-6 1.0E-6 1.0E-6 1.0E-6 1.0E-6 1.0E-6 1.0E-6 1.0E-6 1.0E-6 1.0E-6 1.0E-6 1.0E-6 1.0E-6 1.0E-6 1.0E-6 1.0E-6 0.25259515570934254 0.2664359861591695 0.3806228373702422 0.09342560553633218 0.0034602076124567475 0.0034602076124567475 1.0E-6 1.0E-6 1.0E-6 1.0E-6 1.0E-6 1.0E-6 1.0E-6 1.0E-6 1.0E-6 1.0E-6 1.0E-6 1.0E-6 1.0E-6 
1.0E-6 1.0E-6 1.0E-6 1.0E-6 1.0E-6 1.0E-6 1.0E-6 1.0E-6 1.0E-6 1.0E-6 1.0E-6 1.0E-6 1.0E-6 1.0E-6 1.0E-6 1.0E-6 1.0E-6 1.0E-6 1.0E-6 1.0E-6 1.0E-6 0.555668016194332 0.3633603238866397 0.06781376518218624 0.013157894736842105 1.0E-6 1.0E-6 1.0E-6 1.0E-6 1.0E-6 1.0E-6 1.0E-6 1.0E-6 1.0E-6 1.0E-6 1.0E-6 1.0E-6 1.0E-6 1.0E-6 1.0E-6 
1.0E-6 1.0E-6 1.0E-6 1.0E-6 1.0E-6 1.0E-6 1.0E-6 1.0E-6 1.0E-6 1.0E-6 1.0E-6 1.0E-6 1.0E-6 1.0E-6 1.0E-6 1.0E-6 1.0E-6 1.0E-6 1.0E-6 1.0E-6 1.0E-6 0.9462065667835512 0.045425565827223464 0.005817660184890022 0.0022314313037934334 2.3908192540643926E-4 7.969397513547975E-5 1.0E-6 1.0E-6 1.0E-6 1.0E-6 1.0E-6 1.0E-6 1.0E-6 1.0E-6 1.0E-6 1.0E-6 1.0E-6 1.0E-6 1.0E-6 
1.0E-6 1.0E-6 1.0E-6 1.0E-6 1.0E-6 1.0E-6 1.0E-6 1.0E-6 1.0E-6 1.0E-6 1.0E-6 1.0E-6 1.0E-6 1.0E-6 1.0E-6 1.0E-6 1.0E-6 1.0E-6 1.0E-6 1.0E-6 1.0E-6 0.9508850660683121 0.03432228039557882 0.011634671320535195 0.002825563034987119 3.3241918058671987E-4 1.0E-6 1.0E-6 1.0E-6 1.0E-6 1.0E-6 1.0E-6 1.0E-6 1.0E-6 1.0E-6 1.0E-6 1.0E-6 1.0E-6 1.0E-6 1.0E-6 
1.0E-6 1.0E-6 1.0E-6 1.0E-6 1.0E-6 1.0E-6 1.0E-6 1.0E-6 1.0E-6 1.0E-6 1.0E-6 1.0E-6 1.0E-6 1.0E-6 1.0E-6 1.0E-6 1.0E-6 1.0E-6 1.0E-6 1.0E-6 1.0E-6 0.838006230529595 0.11214953271028037 0.04205607476635514 0.006230529595015576 0.001557632398753894 1.0E-6 1.0E-6 1.0E-6 1.0E-6 1.0E-6 1.0E-6 1.0E-6 1.0E-6 1.0E-6 1.0E-6 1.0E-6 1.0E-6 1.0E-6 1.0E-6 
1.0E-6 1.0E-6 1.0E-6 1.0E-6 1.0E-6 1.0E-6 1.0E-6 1.0E-6 1.0E-6 1.0E-6 1.0E-6 1.0E-6 1.0E-6 1.0E-6 1.0E-6 1.0E-6 1.0E-6 1.0E-6 1.0E-6 1.0E-6 1.0E-6 0.9102564102564102 0.05128205128205128 0.01282051282051282 0.02564102564102564 1.0E-6 1.0E-6 1.0E-6 1.0E-6 1.0E-6 1.0E-6 1.0E-6 1.0E-6 1.0E-6 1.0E-6 1.0E-6 1.0E-6 1.0E-6 1.0E-6 1.0E-6 
1.0E-6 1.0E-6 1.0E-6 1.0E-6 1.0E-6 1.0E-6 1.0E-6 1.0E-6 1.0E-6 1.0E-6 1.0E-6 1.0E-6 1.0E-6 1.0E-6 1.0E-6 1.0E-6 1.0E-6 1.0E-6 1.0E-6 1.0E-6 1.0E-6 0.875 0.08333333333333333 0.041666666666666664 1.0E-6 1.0E-6 1.0E-6 1.0E-6 1.0E-6 1.0E-6 1.0E-6 1.0E-6 1.0E-6 1.0E-6 1.0E-6 1.0E-6 1.0E-6 1.0E-6 1.0E-6 1.0E-6 
1.0E-6 1.0E-6 1.0E-6 1.0E-6 1.0E-6 1.0E-6 1.0E-6 1.0E-6 1.0E-6 1.0E-6 1.0E-6 1.0E-6 1.0E-6 1.0E-6 1.0E-6 1.0E-6 1.0E-6 1.0E-6 1.0E-6 1.0E-6 1.0E-6 1.0 1.0E-6 1.0E-6 1.0E-6 1.0E-6 1.0E-6 1.0E-6 1.0E-6 1.0E-6 1.0E-6 1.0E-6 1.0E-6 1.0E-6 1.0E-6 1.0E-6 1.0E-6 1.0E-6 1.0E-6 1.0E-6 
1.0E-6 1.0E-6 1.0E-6 1.0E-6 1.0E-6 1.0E-6 1.0E-6 1.0E-6 1.0E-6 1.0E-6 1.0E-6 1.0E-6 1.0E-6 1.0E-6 1.0E-6 1.0E-6 1.0E-6 1.0E-6 1.0E-6 1.0E-6 1.0E-6 1.0E-6 1.0E-6 1.0E-6 1.0E-6 1.0E-6 1.0E-6 1.0E-6 1.0E-6 1.0E-6 1.0E-6 1.0E-6 1.0E-6 1.0E-6 1.0E-6 1.0E-6 1.0E-6 1.0E-6 1.0E-6 1.0E-6 
1.0E-6 1.0E-6 1.0E-6 1.0E-6 1.0E-6 1.0E-6 1.0E-6 1.0E-6 1.0E-6 1.0E-6 1.0E-6 1.0E-6 1.0E-6 1.0E-6 1.0E-6 1.0E-6 1.0E-6 1.0E-6 1.0E-6 1.0E-6 1.0E-6 1.0E-6 1.0E-6 1.0E-6 1.0E-6 1.0E-6 1.0E-6 1.0E-6 1.0E-6 1.0E-6 1.0E-6 1.0E-6 1.0E-6 1.0E-6 1.0E-6 1.0E-6 1.0E-6 1.0E-6 1.0E-6 1.0E-6 
1.0E-6 1.0E-6 1.0E-6 1.0E-6 1.0E-6 1.0E-6 1.0E-6 1.0E-6 1.0E-6 1.0E-6 1.0E-6 1.0E-6 1.0E-6 1.0E-6 1.0E-6 1.0E-6 1.0E-6 1.0E-6 1.0E-6 1.0E-6 1.0E-6 1.0E-6 1.0E-6 1.0E-6 1.0E-6 1.0E-6 1.0E-6 1.0E-6 1.0E-6 1.0E-6 1.0E-6 1.0E-6 1.0E-6 1.0E-6 1.0E-6 1.0E-6 1.0E-6 1.0E-6 1.0E-6 1.0E-6 
1.0E-6 1.0E-6 1.0E-6 1.0E-6 1.0E-6 1.0E-6 1.0E-6 1.0E-6 1.0E-6 1.0E-6 1.0E-6 1.0E-6 1.0E-6 1.0E-6 1.0E-6 1.0E-6 1.0E-6 1.0E-6 1.0E-6 1.0E-6 1.0E-6 1.0E-6 1.0E-6 1.0E-6 1.0E-6 1.0E-6 1.0E-6 1.0E-6 1.0E-6 1.0E-6 1.0E-6 1.0E-6 1.0E-6 1.0E-6 1.0E-6 1.0E-6 1.0E-6 1.0E-6 1.0E-6 1.0E-6 
1.0E-6 1.0E-6 1.0E-6 1.0E-6 1.0E-6 1.0E-6 1.0E-6 1.0E-6 1.0E-6 1.0E-6 1.0E-6 1.0E-6 1.0E-6 1.0E-6 1.0E-6 1.0E-6 1.0E-6 1.0E-6 1.0E-6 1.0E-6 1.0E-6 1.0E-6 1.0E-6 1.0E-6 1.0E-6 1.0E-6 1.0E-6 1.0E-6 1.0E-6 1.0E-6 1.0E-6 1.0E-6 1.0E-6 1.0E-6 1.0E-6 1.0E-6 1.0E-6 1.0E-6 1.0E-6 1.0E-6 
1.0E-6 1.0E-6 1.0E-6 1.0E-6 1.0E-6 1.0E-6 1.0E-6 1.0E-6 1.0E-6 1.0E-6 1.0E-6 1.0E-6 1.0E-6 1.0E-6 1.0E-6 1.0E-6 1.0E-6 1.0E-6 1.0E-6 1.0E-6 1.0E-6 1.0E-6 1.0E-6 1.0E-6 1.0E-6 1.0E-6 1.0E-6 1.0E-6 1.0E-6 1.0E-6 1.0E-6 1.0E-6 1.0E-6 1.0E-6 1.0E-6 1.0E-6 1.0E-6 1.0E-6 1.0E-6 1.0E-6 
1.0E-6 1.0E-6 1.0E-6 1.0E-6 1.0E-6 1.0E-6 1.0E-6 1.0E-6 1.0E-6 1.0E-6 1.0E-6 1.0E-6 1.0E-6 1.0E-6 1.0E-6 1.0E-6 1.0E-6 1.0E-6 1.0E-6 1.0E-6 1.0E-6 1.0E-6 1.0E-6 1.0E-6 1.0E-6 1.0E-6 1.0E-6 1.0E-6 1.0E-6 1.0E-6 1.0E-6 1.0E-6 1.0E-6 1.0E-6 1.0E-6 1.0E-6 1.0E-6 1.0E-6 1.0E-6 1.0E-6 
1.0E-6 1.0E-6 1.0E-6 1.0E-6 1.0E-6 1.0E-6 1.0E-6 1.0E-6 1.0E-6 1.0E-6 1.0E-6 1.0E-6 1.0E-6 1.0E-6 1.0E-6 1.0E-6 1.0E-6 1.0E-6 1.0E-6 1.0E-6 1.0E-6 1.0E-6 1.0E-6 1.0E-6 1.0E-6 1.0E-6 1.0E-6 1.0E-6 1.0E-6 1.0E-6 1.0E-6 1.0E-6 1.0E-6 1.0E-6 1.0E-6 1.0E-6 1.0E-6 1.0E-6 1.0E-6 1.0E-6 
1.0E-6 1.0E-6 1.0E-6 1.0E-6 1.0E-6 1.0E-6 1.0E-6 1.0E-6 1.0E-6 1.0E-6 1.0E-6 1.0E-6 1.0E-6 1.0E-6 1.0E-6 1.0E-6 1.0E-6 1.0E-6 1.0E-6 1.0E-6 1.0E-6 1.0E-6 1.0E-6 1.0E-6 1.0E-6 1.0E-6 1.0E-6 1.0E-6 1.0E-6 1.0E-6 1.0E-6 1.0E-6 1.0E-6 1.0E-6 1.0E-6 1.0E-6 1.0E-6 1.0E-6 1.0E-6 1.0E-6 
1.0E-6 1.0E-6 1.0E-6 1.0E-6 1.0E-6 1.0E-6 1.0E-6 1.0E-6 1.0E-6 1.0E-6 1.0E-6 1.0E-6 1.0E-6 1.0E-6 1.0E-6 1.0E-6 1.0E-6 1.0E-6 1.0E-6 1.0E-6 1.0E-6 1.0E-6 1.0E-6 1.0E-6 1.0E-6 1.0E-6 1.0E-6 1.0E-6 1.0E-6 1.0E-6 1.0E-6 1.0E-6 1.0E-6 1.0E-6 1.0E-6 1.0E-6 1.0E-6 1.0E-6 1.0E-6 1.0E-6 
1.0E-6 1.0E-6 1.0E-6 1.0E-6 1.0E-6 1.0E-6 1.0E-6 1.0E-6 1.0E-6 1.0E-6 1.0E-6 1.0E-6 1.0E-6 1.0E-6 1.0E-6 1.0E-6 1.0E-6 1.0E-6 1.0E-6 1.0E-6 1.0E-6 1.0E-6 1.0E-6 1.0E-6 1.0E-6 1.0E-6 1.0E-6 1.0E-6 1.0E-6 1.0E-6 1.0E-6 1.0E-6 1.0E-6 1.0E-6 1.0E-6 1.0E-6 1.0E-6 1.0E-6 1.0E-6 1.0E-6 
1.0E-6 1.0E-6 1.0E-6 1.0E-6 1.0E-6 1.0E-6 1.0E-6 1.0E-6 1.0E-6 1.0E-6 1.0E-6 1.0E-6 1.0E-6 1.0E-6 1.0E-6 1.0E-6 1.0E-6 1.0E-6 1.0E-6 1.0E-6 1.0E-6 1.0E-6 1.0E-6 1.0E-6 1.0E-6 1.0E-6 1.0E-6 1.0E-6 1.0E-6 1.0E-6 1.0E-6 1.0E-6 1.0E-6 1.0E-6 1.0E-6 1.0E-6 1.0E-6 1.0E-6 1.0E-6 1.0E-6 
1.0E-6 1.0E-6 1.0E-6 1.0E-6 1.0E-6 1.0E-6 1.0E-6 1.0E-6 1.0E-6 1.0E-6 1.0E-6 1.0E-6 1.0E-6 1.0E-6 1.0E-6 1.0E-6 1.0E-6 1.0E-6 1.0E-6 1.0E-6 1.0E-6 1.0E-6 1.0E-6 1.0E-6 1.0E-6 1.0E-6 1.0E-6 1.0E-6 1.0E-6 1.0E-6 1.0E-6 1.0E-6 1.0E-6 1.0E-6 1.0E-6 1.0E-6 1.0E-6 1.0E-6 1.0E-6 1.0E-6 
1.0E-6 1.0E-6 1.0E-6 1.0E-6 1.0E-6 1.0E-6 1.0E-6 1.0E-6 1.0E-6 1.0E-6 1.0E-6 1.0E-6 1.0E-6 1.0E-6 1.0E-6 1.0E-6 1.0E-6 1.0E-6 1.0E-6 1.0E-6 1.0E-6 1.0E-6 1.0E-6 1.0E-6 1.0E-6 1.0E-6 1.0E-6 1.0E-6 1.0E-6 1.0E-6 1.0E-6 1.0E-6 1.0E-6 1.0E-6 1.0E-6 1.0E-6 1.0E-6 1.0E-6 1.0E-6 1.0E-6 
1.0E-6 1.0E-6 1.0E-6 1.0E-6 1.0E-6 1.0E-6 1.0E-6 1.0E-6 1.0E-6 1.0E-6 1.0E-6 1.0E-6 1.0E-6 1.0E-6 1.0E-6 1.0E-6 1.0E-6 1.0E-6 1.0E-6 1.0E-6 1.0E-6 1.0E-6 1.0E-6 1.0E-6 1.0E-6 1.0E-6 1.0E-6 1.0E-6 1.0E-6 1.0E-6 1.0E-6 1.0E-6 1.0E-6 1.0E-6 1.0E-6 1.0E-6 1.0E-6 1.0E-6 1.0E-6 1.0E-6 

1.0E-6 1.0E-6 1.0E-6 1.0E-6 1.0E-6 1.0E-6 1.0E-6 1.0E-6 1.0E-6 1.0E-6 1.0E-6 1.0E-6 1.0E-6 1.0E-6 1.0E-6 1.0E-6 1.0E-6 1.0E-6 1.0E-6 1.0E-6 1.0E-6 1.0E-6 1.0E-6 1.0E-6 1.0E-6 1.0E-6 1.0E-6 1.0E-6 1.0E-6 1.0E-6 1.0E-6 1.0E-6 1.0E-6 1.0E-6 1.0E-6 1.0E-6 1.0E-6 1.0E-6 1.0E-6 1.0E-6 
1.0E-6 1.0E-6 1.0E-6 1.0E-6 1.0E-6 1.0E-6 1.0E-6 1.0E-6 1.0E-6 1.0E-6 1.0E-6 1.0E-6 1.0E-6 1.0E-6 1.0E-6 1.0E-6 1.0E-6 1.0E-6 1.0E-6 1.0E-6 1.0E-6 1.0E-6 1.0E-6 1.0E-6 1.0E-6 1.0E-6 1.0E-6 1.0E-6 1.0E-6 1.0E-6 1.0E-6 1.0E-6 1.0E-6 1.0E-6 1.0E-6 1.0E-6 1.0E-6 1.0E-6 1.0E-6 1.0E-6 
1.0E-6 1.0E-6 1.0E-6 1.0E-6 1.0E-6 1.0E-6 1.0E-6 1.0E-6 1.0E-6 1.0E-6 1.0E-6 1.0E-6 1.0E-6 1.0E-6 1.0E-6 1.0E-6 1.0E-6 1.0E-6 1.0E-6 1.0E-6 1.0E-6 1.0E-6 1.0E-6 1.0E-6 1.0E-6 1.0E-6 1.0E-6 1.0E-6 1.0E-6 1.0E-6 1.0E-6 1.0E-6 1.0E-6 1.0E-6 1.0E-6 1.0E-6 1.0E-6 1.0E-6 1.0E-6 1.0E-6 
1.0E-6 1.0E-6 1.0E-6 1.0E-6 1.0E-6 1.0E-6 1.0E-6 1.0E-6 1.0E-6 1.0E-6 1.0E-6 1.0E-6 1.0E-6 1.0E-6 1.0E-6 1.0E-6 1.0E-6 1.0E-6 1.0E-6 1.0E-6 1.0E-6 1.0E-6 1.0E-6 1.0E-6 1.0E-6 1.0E-6 1.0E-6 1.0E-6 1.0E-6 1.0E-6 1.0E-6 1.0E-6 1.0E-6 1.0E-6 1.0E-6 1.0E-6 1.0E-6 1.0E-6 1.0E-6 1.0E-6 
1.0E-6 1.0E-6 1.0E-6 1.0E-6 1.0E-6 1.0E-6 1.0E-6 1.0E-6 1.0E-6 1.0E-6 1.0E-6 1.0E-6 1.0E-6 1.0E-6 1.0E-6 1.0E-6 1.0E-6 1.0E-6 1.0E-6 1.0E-6 1.0E-6 1.0E-6 1.0E-6 1.0E-6 1.0E-6 1.0E-6 1.0E-6 1.0E-6 1.0E-6 1.0E-6 1.0E-6 1.0E-6 1.0E-6 1.0E-6 1.0E-6 1.0E-6 1.0E-6 1.0E-6 1.0E-6 1.0E-6 
1.0E-6 1.0E-6 1.0E-6 1.0E-6 1.0E-6 1.0E-6 1.0E-6 1.0E-6 1.0E-6 1.0E-6 1.0E-6 1.0E-6 1.0E-6 1.0E-6 1.0E-6 1.0E-6 1.0E-6 1.0E-6 1.0E-6 1.0E-6 1.0E-6 1.0E-6 1.0E-6 1.0E-6 1.0E-6 1.0E-6 1.0E-6 1.0E-6 1.0E-6 1.0E-6 1.0E-6 1.0E-6 1.0E-6 1.0E-6 1.0E-6 1.0E-6 1.0E-6 1.0E-6 1.0E-6 1.0E-6 
1.0E-6 1.0E-6 1.0E-6 1.0E-6 1.0E-6 1.0E-6 1.0E-6 1.0E-6 1.0E-6 1.0E-6 1.0E-6 1.0E-6 1.0E-6 1.0E-6 1.0E-6 1.0E-6 1.0E-6 1.0E-6 1.0E-6 1.0E-6 1.0E-6 1.0E-6 1.0E-6 1.0E-6 1.0E-6 1.0E-6 1.0E-6 1.0E-6 1.0E-6 1.0E-6 1.0E-6 1.0E-6 1.0E-6 1.0E-6 1.0E-6 1.0E-6 1.0E-6 1.0E-6 1.0E-6 1.0E-6 
1.0E-6 1.0E-6 1.0E-6 1.0E-6 1.0E-6 1.0E-6 1.0E-6 1.0E-6 1.0E-6 1.0E-6 1.0E-6 1.0E-6 1.0E-6 1.0E-6 1.0E-6 1.0E-6 1.0E-6 1.0E-6 1.0E-6 1.0E-6 1.0E-6 1.0E-6 1.0E-6 1.0E-6 1.0E-6 1.0E-6 1.0E-6 1.0E-6 1.0E-6 1.0E-6 1.0E-6 1.0E-6 1.0E-6 1.0E-6 1.0E-6 1.0E-6 1.0E-6 1.0E-6 1.0E-6 1.0E-6 
1.0E-6 1.0E-6 1.0E-6 1.0E-6 1.0E-6 1.0E-6 1.0E-6 1.0E-6 1.0E-6 1.0E-6 1.0E-6 1.0E-6 1.0E-6 1.0E-6 1.0E-6 1.0E-6 1.0E-6 1.0E-6 1.0E-6 1.0E-6 1.0E-6 1.0E-6 1.0E-6 1.0E-6 1.0E-6 1.0E-6 1.0E-6 1.0E-6 1.0E-6 1.0E-6 1.0E-6 1.0E-6 1.0E-6 1.0E-6 1.0E-6 1.0E-6 1.0E-6 1.0E-6 1.0E-6 1.0E-6 
1.0E-6 1.0E-6 1.0E-6 1.0E-6 1.0E-6 1.0E-6 1.0E-6 1.0E-6 1.0E-6 1.0E-6 1.0E-6 1.0E-6 1.0E-6 1.0E-6 1.0E-6 1.0E-6 1.0E-6 1.0E-6 1.0E-6 1.0E-6 1.0E-6 1.0E-6 1.0E-6 1.0E-6 1.0E-6 1.0E-6 1.0E-6 1.0E-6 1.0E-6 1.0E-6 1.0E-6 1.0E-6 1.0E-6 1.0E-6 1.0E-6 1.0E-6 1.0E-6 1.0E-6 1.0E-6 1.0E-6 
1.0E-6 1.0E-6 1.0E-6 1.0E-6 1.0E-6 1.0E-6 1.0E-6 1.0E-6 1.0E-6 1.0E-6 1.0E-6 1.0E-6 1.0E-6 1.0E-6 1.0E-6 1.0E-6 1.0E-6 1.0E-6 1.0E-6 1.0E-6 1.0E-6 1.0E-6 1.0E-6 1.0E-6 1.0E-6 1.0E-6 1.0E-6 1.0E-6 1.0E-6 1.0E-6 1.0E-6 1.0E-6 1.0E-6 1.0E-6 1.0E-6 1.0E-6 1.0E-6 1.0E-6 1.0E-6 1.0E-6 
1.0E-6 1.0E-6 1.0E-6 1.0E-6 1.0E-6 1.0E-6 1.0E-6 1.0E-6 1.0E-6 1.0E-6 1.0E-6 1.0E-6 1.0E-6 1.0E-6 1.0E-6 1.0E-6 1.0E-6 1.0E-6 1.0E-6 1.0E-6 1.0E-6 1.0E-6 1.0E-6 1.0E-6 1.0E-6 1.0E-6 1.0E-6 1.0E-6 1.0E-6 1.0E-6 1.0E-6 1.0E-6 1.0E-6 1.0E-6 1.0E-6 1.0E-6 1.0E-6 1.0E-6 1.0E-6 1.0E-6 
1.0E-6 1.0E-6 1.0E-6 1.0E-6 1.0E-6 1.0E-6 1.0E-6 1.0E-6 1.0E-6 1.0E-6 1.0E-6 1.0E-6 1.0E-6 1.0E-6 1.0E-6 1.0E-6 1.0E-6 1.0E-6 1.0E-6 1.0E-6 1.0E-6 1.0E-6 1.0E-6 1.0E-6 1.0E-6 1.0E-6 1.0E-6 1.0E-6 1.0E-6 1.0E-6 1.0E-6 1.0E-6 1.0E-6 1.0E-6 1.0E-6 1.0E-6 1.0E-6 1.0E-6 1.0E-6 1.0E-6 
1.0E-6 1.0E-6 1.0E-6 1.0E-6 1.0E-6 1.0E-6 1.0E-6 1.0E-6 1.0E-6 1.0E-6 1.0E-6 1.0E-6 1.0E-6 1.0E-6 1.0E-6 1.0E-6 1.0E-6 1.0E-6 1.0E-6 1.0E-6 1.0E-6 1.0E-6 1.0E-6 1.0E-6 1.0E-6 1.0E-6 1.0E-6 1.0E-6 1.0E-6 1.0E-6 1.0E-6 1.0E-6 1.0E-6 1.0E-6 1.0E-6 1.0E-6 1.0E-6 1.0E-6 1.0E-6 1.0E-6 
1.0E-6 1.0E-6 1.0E-6 1.0E-6 1.0E-6 1.0E-6 1.0E-6 1.0E-6 1.0E-6 1.0E-6 1.0E-6 1.0E-6 1.0E-6 1.0E-6 1.0E-6 1.0E-6 1.0E-6 1.0E-6 1.0E-6 1.0E-6 1.0E-6 1.0E-6 1.0E-6 1.0E-6 1.0E-6 1.0E-6 1.0E-6 1.0E-6 1.0E-6 1.0E-6 1.0E-6 1.0E-6 1.0E-6 1.0E-6 1.0E-6 1.0E-6 1.0E-6 1.0E-6 1.0E-6 1.0E-6 
1.0E-6 1.0E-6 1.0E-6 1.0E-6 1.0E-6 1.0E-6 1.0E-6 1.0E-6 1.0E-6 1.0E-6 1.0E-6 1.0E-6 1.0E-6 1.0E-6 1.0E-6 1.0E-6 1.0E-6 1.0E-6 1.0E-6 1.0E-6 1.0E-6 1.0E-6 1.0E-6 1.0E-6 1.0E-6 1.0E-6 1.0E-6 1.0E-6 1.0E-6 1.0E-6 1.0E-6 1.0E-6 1.0E-6 1.0E-6 1.0E-6 1.0E-6 1.0E-6 1.0E-6 1.0E-6 1.0E-6 
1.0E-6 1.0E-6 1.0E-6 1.0E-6 1.0E-6 1.0E-6 1.0E-6 1.0E-6 1.0E-6 1.0E-6 1.0E-6 1.0E-6 1.0E-6 1.0E-6 1.0E-6 1.0E-6 1.0E-6 1.0E-6 0.6666666666666666 0.3333333333333333 1.0E-6 1.0E-6 1.0E-6 1.0E-6 1.0E-6 1.0E-6 1.0E-6 1.0E-6 1.0E-6 1.0E-6 1.0E-6 1.0E-6 1.0E-6 1.0E-6 1.0E-6 1.0E-6 1.0E-6 1.0E-6 1.0E-6 1.0E-6 
1.0E-6 1.0E-6 1.0E-6 1.0E-6 1.0E-6 1.0E-6 1.0E-6 1.0E-6 1.0E-6 1.0E-6 1.0E-6 1.0E-6 1.0E-6 1.0E-6 1.0E-6 0.029411764705882353 1.0E-6 1.0E-6 0.058823529411764705 0.9117647058823529 1.0E-6 1.0E-6 1.0E-6 1.0E-6 1.0E-6 1.0E-6 1.0E-6 1.0E-6 1.0E-6 1.0E-6 1.0E-6 1.0E-6 1.0E-6 1.0E-6 1.0E-6 1.0E-6 1.0E-6 1.0E-6 1.0E-6 1.0E-6 
1.0E-6 1.0E-6 1.0E-6 1.0E-6 1.0E-6 1.0E-6 1.0E-6 1.0E-6 1.0E-6 1.0E-6 1.0E-6 1.0E-6 1.0E-6 1.0E-6 1.0E-6 1.0E-6 0.014084507042253521 0.028169014084507043 0.08450704225352113 0.8732394366197183 1.0E-6 1.0E-6 1.0E-6 1.0E-6 1.0E-6 1.0E-6 1.0E-6 1.0E-6 1.0E-6 1.0E-6 1.0E-6 1.0E-6 1.0E-6 1.0E-6 1.0E-6 1.0E-6 1.0E-6 1.0E-6 1.0E-6 1.0E-6 
1.0E-6 1.0E-6 1.0E-6 1.0E-6 1.0E-6 1.0E-6 1.0E-6 1.0E-6 1.0E-6 1.0E-6 1.0E-6 1.0E-6 1.0E-6 1.0E-6 1.0E-6 1.0E-6 0.010416666666666666 0.025297619047619048 0.11458333333333333 0.8497023809523809 1.0E-6 1.0E-6 1.0E-6 1.0E-6 1.0E-6 1.0E-6 1.0E-6 1.0E-6 1.0E-6 1.0E-6 1.0E-6 1.0E-6 1.0E-6 1.0E-6 1.0E-6 1.0E-6 1.0E-6 1.0E-6 1.0E-6 1.0E-6 
1.0E-6 1.0E-6 1.0E-6 1.0E-6 1.0E-6 1.0E-6 1.0E-6 1.0E-6 1.0E-6 1.0E-6 1.0E-6 1.0E-6 1.0E-6 1.0E-6 1.0E-6 2.3544184586407157E-4 0.003845550149113169 0.009339193219274839 0.029037827656568826 0.957541987129179 1.0E-6 1.0E-6 1.0E-6 1.0E-6 1.0E-6 1.0E-6 1.0E-6 1.0E-6 1.0E-6 1.0E-6 1.0E-6 1.0E-6 1.0E-6 1.0E-6 1.0E-6 1.0E-6 1.0E-6 1.0E-6 1.0E-6 1.0E-6 
1.0E-6 1.0E-6 1.0E-6 1.0E-6 1.0E-6 1.0E-6 1.0E-6 1.0E-6 1.0E-6 1.0E-6 1.0E-6 1.0E-6 1.0E-6 1.0E-6 1.0E-6 4.2444821731748726E-4 0.0019524617996604413 0.006791171477079796 0.04303904923599321 0.9477928692699491 1.0E-6 1.0E-6 1.0E-6 1.0E-6 1.0E-6 1.0E-6 1.0E-6 1.0E-6 1.0E-6 1.0E-6 1.0E-6 1.0E-6 1.0E-6 1.0E-6 1.0E-6 1.0E-6 1.0E-6 1.0E-6 1.0E-6 1.0E-6 
1.0E-6 1.0E-6 1.0E-6 1.0E-6 1.0E-6 1.0E-6 1.0E-6 1.0E-6 1.0E-6 1.0E-6 1.0E-6 1.0E-6 1.0E-6 1.0E-6 1.0E-6 1.0E-6 0.007662835249042145 0.06609195402298851 0.4061302681992337 0.5201149425287356 1.0E-6 1.0E-6 1.0E-6 1.0E-6 1.0E-6 1.0E-6 1.0E-6 1.0E-6 1.0E-6 1.0E-6 1.0E-6 1.0E-6 1.0E-6 1.0E-6 1.0E-6 1.0E-6 1.0E-6 1.0E-6 1.0E-6 1.0E-6 
1.0E-6 1.0E-6 1.0E-6 1.0E-6 1.0E-6 1.0E-6 1.0E-6 1.0E-6 1.0E-6 1.0E-6 1.0E-6 1.0E-6 1.0E-6 0.0033112582781456954 0.009933774834437087 0.0033112582781456954 0.09602649006622517 0.5099337748344371 0.17549668874172186 0.20198675496688742 1.0E-6 1.0E-6 1.0E-6 1.0E-6 1.0E-6 1.0E-6 1.0E-6 1.0E-6 1.0E-6 1.0E-6 1.0E-6 1.0E-6 1.0E-6 1.0E-6 1.0E-6 1.0E-6 1.0E-6 1.0E-6 1.0E-6 1.0E-6 
1.0E-6 1.0E-6 1.0E-6 1.0E-6 1.0E-6 1.0E-6 1.0E-6 1.0E-6 1.0E-6 1.0E-6 1.0E-6 1.0E-6 1.0E-6 1.0E-6 1.0E-6 0.045871559633027525 0.27522935779816515 0.23853211009174313 0.11926605504587157 0.3211009174311927 1.0E-6 1.0E-6 1.0E-6 1.0E-6 1.0E-6 1.0E-6 1.0E-6 1.0E-6 1.0E-6 1.0E-6 1.0E-6 1.0E-6 1.0E-6 1.0E-6 1.0E-6 1.0E-6 1.0E-6 1.0E-6 1.0E-6 1.0E-6 
1.0E-6 1.0E-6 1.0E-6 1.0E-6 1.0E-6 1.0E-6 1.0E-6 1.0E-6 1.0E-6 1.0E-6 1.0E-6 1.0E-6 1.0E-6 1.0E-6 1.0E-6 0.2857142857142857 0.14285714285714285 0.07142857142857142 0.14285714285714285 0.35714285714285715 1.0E-6 1.0E-6 1.0E-6 1.0E-6 1.0E-6 1.0E-6 1.0E-6 1.0E-6 1.0E-6 1.0E-6 1.0E-6 1.0E-6 1.0E-6 1.0E-6 1.0E-6 1.0E-6 1.0E-6 1.0E-6 1.0E-6 1.0E-6 
1.0E-6 1.0E-6 1.0E-6 1.0E-6 1.0E-6 1.0E-6 1.0E-6 1.0E-6 1.0E-6 1.0E-6 1.0E-6 1.0E-6 1.0E-6 1.0E-6 0.25 1.0E-6 1.0E-6 1.0E-6 0.25 0.5 1.0E-6 1.0E-6 1.0E-6 1.0E-6 1.0E-6 1.0E-6 1.0E-6 1.0E-6 1.0E-6 1.0E-6 1.0E-6 1.0E-6 1.0E-6 1.0E-6 1.0E-6 1.0E-6 1.0E-6 1.0E-6 1.0E-6 1.0E-6 
1.0E-6 1.0E-6 1.0E-6 1.0E-6 1.0E-6 1.0E-6 1.0E-6 1.0E-6 1.0E-6 1.0E-6 1.0E-6 1.0E-6 1.0E-6 1.0E-6 1.0E-6 1.0E-6 1.0E-6 1.0E-6 1.0E-6 1.0E-6 1.0E-6 1.0E-6 1.0E-6 1.0E-6 1.0E-6 1.0E-6 1.0E-6 1.0E-6 1.0E-6 1.0E-6 1.0E-6 1.0E-6 1.0E-6 1.0E-6 1.0E-6 1.0E-6 1.0E-6 1.0E-6 1.0E-6 1.0E-6 
1.0E-6 1.0E-6 1.0E-6 1.0E-6 1.0E-6 1.0E-6 1.0E-6 1.0E-6 1.0E-6 1.0E-6 1.0E-6 1.0E-6 1.0E-6 1.0E-6 1.0E-6 1.0E-6 1.0E-6 1.0E-6 1.0E-6 1.0E-6 1.0E-6 1.0E-6 1.0E-6 1.0E-6 1.0E-6 1.0E-6 1.0E-6 1.0E-6 1.0E-6 1.0E-6 1.0E-6 1.0E-6 1.0E-6 1.0E-6 1.0E-6 1.0E-6 1.0E-6 1.0E-6 1.0E-6 1.0E-6 
1.0E-6 1.0E-6 1.0E-6 1.0E-6 1.0E-6 1.0E-6 1.0E-6 1.0E-6 1.0E-6 1.0E-6 1.0E-6 1.0E-6 1.0E-6 1.0E-6 1.0E-6 1.0E-6 1.0E-6 1.0E-6 1.0E-6 1.0E-6 1.0E-6 1.0E-6 1.0E-6 1.0E-6 1.0E-6 1.0E-6 1.0E-6 1.0E-6 1.0E-6 1.0E-6 1.0E-6 1.0E-6 1.0E-6 1.0E-6 1.0E-6 1.0E-6 1.0E-6 1.0E-6 1.0E-6 1.0E-6 
1.0E-6 1.0E-6 1.0E-6 1.0E-6 1.0E-6 1.0E-6 1.0E-6 1.0E-6 1.0E-6 1.0E-6 1.0E-6 1.0E-6 1.0E-6 1.0E-6 1.0E-6 1.0E-6 1.0E-6 1.0E-6 1.0E-6 1.0E-6 1.0E-6 1.0E-6 1.0E-6 1.0E-6 1.0E-6 1.0E-6 1.0E-6 1.0E-6 1.0E-6 1.0E-6 1.0E-6 1.0E-6 1.0E-6 1.0E-6 1.0E-6 1.0E-6 1.0E-6 1.0E-6 1.0E-6 1.0E-6 
1.0E-6 1.0E-6 1.0E-6 1.0E-6 1.0E-6 1.0E-6 1.0E-6 1.0E-6 1.0E-6 1.0E-6 1.0E-6 1.0E-6 1.0E-6 1.0E-6 1.0E-6 1.0E-6 1.0E-6 1.0E-6 1.0E-6 1.0E-6 1.0E-6 1.0E-6 1.0E-6 1.0E-6 1.0E-6 1.0E-6 1.0E-6 1.0E-6 1.0E-6 1.0E-6 1.0E-6 1.0E-6 1.0E-6 1.0E-6 1.0E-6 1.0E-6 1.0E-6 1.0E-6 1.0E-6 1.0E-6 
1.0E-6 1.0E-6 1.0E-6 1.0E-6 1.0E-6 1.0E-6 1.0E-6 1.0E-6 1.0E-6 1.0E-6 1.0E-6 1.0E-6 1.0E-6 1.0E-6 1.0E-6 1.0E-6 1.0E-6 1.0E-6 1.0E-6 1.0E-6 1.0E-6 1.0E-6 1.0E-6 1.0E-6 1.0E-6 1.0E-6 1.0E-6 1.0E-6 1.0E-6 1.0E-6 1.0E-6 1.0E-6 1.0E-6 1.0E-6 1.0E-6 1.0E-6 1.0E-6 1.0E-6 1.0E-6 1.0E-6 
1.0E-6 1.0E-6 1.0E-6 1.0E-6 1.0E-6 1.0E-6 1.0E-6 1.0E-6 1.0E-6 1.0E-6 1.0E-6 1.0E-6 1.0E-6 1.0E-6 1.0E-6 1.0E-6 1.0E-6 1.0E-6 1.0E-6 1.0E-6 1.0E-6 1.0E-6 1.0E-6 1.0E-6 1.0E-6 1.0E-6 1.0E-6 1.0E-6 1.0E-6 1.0E-6 1.0E-6 1.0E-6 1.0E-6 1.0E-6 1.0E-6 1.0E-6 1.0E-6 1.0E-6 1.0E-6 1.0E-6 
1.0E-6 1.0E-6 1.0E-6 1.0E-6 1.0E-6 1.0E-6 1.0E-6 1.0E-6 1.0E-6 1.0E-6 1.0E-6 1.0E-6 1.0E-6 1.0E-6 1.0E-6 1.0E-6 1.0E-6 1.0E-6 1.0E-6 1.0E-6 1.0E-6 1.0E-6 1.0E-6 1.0E-6 1.0E-6 1.0E-6 1.0E-6 1.0E-6 1.0E-6 1.0E-6 1.0E-6 1.0E-6 1.0E-6 1.0E-6 1.0E-6 1.0E-6 1.0E-6 1.0E-6 1.0E-6 1.0E-6 
1.0E-6 1.0E-6 1.0E-6 1.0E-6 1.0E-6 1.0E-6 1.0E-6 1.0E-6 1.0E-6 1.0E-6 1.0E-6 1.0E-6 1.0E-6 1.0E-6 1.0E-6 1.0E-6 1.0E-6 1.0E-6 1.0E-6 1.0E-6 1.0E-6 1.0E-6 1.0E-6 1.0E-6 1.0E-6 1.0E-6 1.0E-6 1.0E-6 1.0E-6 1.0E-6 1.0E-6 1.0E-6 1.0E-6 1.0E-6 1.0E-6 1.0E-6 1.0E-6 1.0E-6 1.0E-6 1.0E-6 
1.0E-6 1.0E-6 1.0E-6 1.0E-6 1.0E-6 1.0E-6 1.0E-6 1.0E-6 1.0E-6 1.0E-6 1.0E-6 1.0E-6 1.0E-6 1.0E-6 1.0E-6 1.0E-6 1.0E-6 1.0E-6 1.0E-6 1.0E-6 1.0E-6 1.0E-6 1.0E-6 1.0E-6 1.0E-6 1.0E-6 1.0E-6 1.0E-6 1.0E-6 1.0E-6 1.0E-6 1.0E-6 1.0E-6 1.0E-6 1.0E-6 1.0E-6 1.0E-6 1.0E-6 1.0E-6 1.0E-6 
1.0E-6 1.0E-6 1.0E-6 1.0E-6 1.0E-6 1.0E-6 1.0E-6 1.0E-6 1.0E-6 1.0E-6 1.0E-6 1.0E-6 1.0E-6 1.0E-6 1.0E-6 1.0E-6 1.0E-6 1.0E-6 1.0E-6 1.0E-6 1.0E-6 1.0E-6 1.0E-6 1.0E-6 1.0E-6 1.0E-6 1.0E-6 1.0E-6 1.0E-6 1.0E-6 1.0E-6 1.0E-6 1.0E-6 1.0E-6 1.0E-6 1.0E-6 1.0E-6 1.0E-6 1.0E-6 1.0E-6 
1.0E-6 1.0E-6 1.0E-6 1.0E-6 1.0E-6 1.0E-6 1.0E-6 1.0E-6 1.0E-6 1.0E-6 1.0E-6 1.0E-6 1.0E-6 1.0E-6 1.0E-6 1.0E-6 1.0E-6 1.0E-6 1.0E-6 1.0E-6 1.0E-6 1.0E-6 1.0E-6 1.0E-6 1.0E-6 1.0E-6 1.0E-6 1.0E-6 1.0E-6 1.0E-6 1.0E-6 1.0E-6 1.0E-6 1.0E-6 1.0E-6 1.0E-6 1.0E-6 1.0E-6 1.0E-6 1.0E-6 
1.0E-6 1.0E-6 1.0E-6 1.0E-6 1.0E-6 1.0E-6 1.0E-6 1.0E-6 1.0E-6 1.0E-6 1.0E-6 1.0E-6 1.0E-6 1.0E-6 1.0E-6 1.0E-6 1.0E-6 1.0E-6 1.0E-6 1.0E-6 1.0E-6 1.0E-6 1.0E-6 1.0E-6 1.0E-6 1.0E-6 1.0E-6 1.0E-6 1.0E-6 1.0E-6 1.0E-6 1.0E-6 1.0E-6 1.0E-6 1.0E-6 1.0E-6 1.0E-6 1.0E-6 1.0E-6 1.0E-6 

1.0E-6 1.0E-6 1.0E-6 1.0E-6 1.0E-6 1.0E-6 1.0E-6 1.0E-6 1.0E-6 1.0E-6 1.0E-6 1.0E-6 1.0E-6 1.0E-6 1.0E-6 1.0E-6 1.0E-6 1.0E-6 1.0E-6 1.0E-6 1.0E-6 1.0E-6 1.0E-6 1.0E-6 1.0E-6 1.0E-6 1.0E-6 1.0E-6 1.0E-6 1.0E-6 1.0E-6 1.0E-6 1.0E-6 1.0E-6 1.0E-6 1.0E-6 1.0E-6 1.0E-6 1.0E-6 1.0E-6 
1.0E-6 1.0E-6 1.0E-6 1.0E-6 1.0E-6 1.0E-6 1.0E-6 1.0E-6 1.0E-6 1.0E-6 1.0E-6 1.0E-6 1.0E-6 1.0E-6 1.0E-6 1.0E-6 1.0E-6 1.0E-6 1.0E-6 1.0E-6 1.0E-6 1.0E-6 1.0E-6 1.0E-6 1.0E-6 1.0E-6 1.0E-6 1.0E-6 1.0E-6 1.0E-6 1.0E-6 1.0E-6 1.0E-6 1.0E-6 1.0E-6 1.0E-6 1.0E-6 1.0E-6 1.0E-6 1.0E-6 
1.0E-6 1.0E-6 1.0E-6 1.0E-6 1.0E-6 1.0E-6 1.0E-6 1.0E-6 1.0E-6 1.0E-6 1.0E-6 1.0E-6 1.0E-6 1.0E-6 1.0E-6 1.0E-6 1.0E-6 1.0E-6 1.0E-6 1.0E-6 1.0E-6 1.0E-6 1.0E-6 1.0E-6 1.0E-6 1.0E-6 1.0E-6 1.0E-6 1.0E-6 1.0E-6 1.0E-6 1.0E-6 1.0E-6 1.0E-6 1.0E-6 1.0E-6 1.0E-6 1.0E-6 1.0E-6 1.0E-6 
1.0E-6 1.0E-6 1.0E-6 1.0E-6 1.0E-6 1.0E-6 1.0E-6 1.0E-6 1.0E-6 1.0E-6 1.0E-6 1.0E-6 1.0E-6 1.0E-6 1.0E-6 1.0E-6 1.0E-6 1.0E-6 1.0E-6 1.0E-6 1.0E-6 1.0E-6 1.0E-6 1.0E-6 1.0E-6 1.0E-6 1.0E-6 1.0E-6 1.0E-6 1.0E-6 1.0E-6 1.0E-6 1.0E-6 1.0E-6 1.0E-6 1.0E-6 1.0E-6 1.0E-6 1.0E-6 1.0E-6 
1.0E-6 1.0E-6 1.0E-6 1.0E-6 1.0E-6 1.0E-6 1.0E-6 1.0E-6 1.0E-6 1.0E-6 1.0E-6 1.0E-6 1.0E-6 1.0E-6 1.0E-6 1.0E-6 1.0E-6 1.0E-6 1.0E-6 1.0E-6 1.0E-6 1.0E-6 1.0E-6 1.0E-6 1.0E-6 1.0E-6 1.0E-6 1.0E-6 1.0E-6 1.0E-6 1.0E-6 1.0E-6 1.0E-6 1.0E-6 1.0E-6 1.0E-6 1.0E-6 1.0E-6 1.0E-6 1.0E-6 
1.0E-6 1.0E-6 1.0E-6 1.0E-6 1.0E-6 1.0E-6 1.0E-6 1.0E-6 1.0E-6 1.0E-6 1.0E-6 1.0E-6 1.0E-6 1.0E-6 1.0E-6 1.0E-6 1.0E-6 1.0E-6 1.0E-6 1.0E-6 1.0E-6 1.0E-6 1.0E-6 1.0E-6 1.0E-6 1.0E-6 1.0E-6 1.0E-6 1.0E-6 1.0E-6 1.0E-6 1.0E-6 1.0E-6 1.0E-6 1.0E-6 1.0E-6 1.0E-6 1.0E-6 1.0E-6 1.0E-6 
1.0E-6 1.0E-6 1.0E-6 1.0E-6 1.0E-6 1.0E-6 1.0E-6 1.0E-6 1.0E-6 1.0E-6 1.0E-6 1.0E-6 1.0E-6 1.0E-6 1.0E-6 1.0E-6 1.0E-6 1.0E-6 1.0E-6 1.0E-6 1.0E-6 1.0E-6 1.0E-6 1.0E-6 1.0E-6 1.0E-6 1.0E-6 1.0E-6 1.0E-6 1.0E-6 1.0E-6 1.0E-6 1.0E-6 1.0E-6 1.0E-6 1.0E-6 1.0E-6 1.0E-6 1.0E-6 1.0E-6 
1.0E-6 1.0E-6 1.0E-6 1.0E-6 1.0E-6 1.0E-6 1.0E-6 1.0E-6 1.0E-6 1.0E-6 1.0E-6 1.0E-6 1.0E-6 1.0E-6 1.0E-6 1.0E-6 1.0E-6 1.0E-6 1.0E-6 1.0E-6 1.0E-6 1.0E-6 1.0E-6 1.0E-6 1.0E-6 1.0E-6 1.0E-6 1.0E-6 1.0E-6 1.0E-6 1.0E-6 1.0E-6 1.0E-6 1.0E-6 1.0E-6 1.0E-6 1.0E-6 1.0E-6 1.0E-6 1.0E-6 
1.0E-6 1.0E-6 1.0E-6 1.0E-6 1.0E-6 1.0E-6 1.0E-6 1.0E-6 1.0E-6 1.0E-6 1.0E-6 1.0E-6 1.0E-6 1.0E-6 1.0E-6 1.0E-6 1.0E-6 1.0E-6 1.0E-6 1.0E-6 1.0E-6 1.0E-6 1.0E-6 1.0E-6 1.0E-6 1.0E-6 1.0E-6 1.0E-6 1.0E-6 1.0E-6 1.0E-6 1.0E-6 1.0E-6 1.0E-6 1.0E-6 1.0E-6 1.0E-6 1.0E-6 1.0E-6 1.0E-6 
1.0E-6 1.0E-6 1.0E-6 1.0E-6 1.0E-6 1.0E-6 1.0E-6 1.0E-6 1.0E-6 1.0E-6 1.0E-6 1.0E-6 1.0E-6 1.0E-6 1.0E-6 1.0E-6 1.0E-6 1.0E-6 1.0E-6 1.0E-6 1.0E-6 1.0E-6 1.0E-6 1.0E-6 1.0E-6 1.0E-6 1.0E-6 1.0E-6 1.0E-6 1.0E-6 1.0E-6 1.0E-6 1.0E-6 1.0E-6 1.0E-6 1.0E-6 1.0E-6 1.0E-6 1.0E-6 1.0E-6 
1.0E-6 1.0E-6 1.0E-6 1.0E-6 1.0E-6 1.0E-6 1.0E-6 1.0E-6 1.0E-6 1.0E-6 1.0E-6 1.0E-6 1.0E-6 1.0E-6 1.0E-6 1.0E-6 1.0E-6 1.0E-6 1.0E-6 1.0E-6 1.0E-6 1.0E-6 1.0E-6 1.0E-6 1.0E-6 1.0E-6 1.0E-6 1.0E-6 1.0E-6 1.0E-6 1.0E-6 1.0E-6 1.0E-6 1.0E-6 1.0E-6 1.0E-6 1.0E-6 1.0E-6 1.0E-6 1.0E-6 
1.0E-6 1.0E-6 1.0E-6 1.0E-6 1.0E-6 1.0E-6 1.0E-6 1.0E-6 1.0E-6 1.0E-6 1.0E-6 1.0E-6 1.0E-6 1.0E-6 1.0E-6 1.0E-6 1.0E-6 1.0E-6 1.0E-6 1.0E-6 1.0E-6 1.0E-6 1.0E-6 1.0E-6 1.0E-6 1.0E-6 1.0E-6 1.0E-6 1.0E-6 1.0E-6 1.0E-6 1.0E-6 1.0E-6 1.0E-6 1.0E-6 1.0E-6 1.0E-6 1.0E-6 1.0E-6 1.0E-6 
1.0E-6 1.0E-6 1.0E-6 1.0E-6 1.0E-6 1.0E-6 1.0E-6 1.0E-6 1.0E-6 1.0E-6 1.0E-6 1.0E-6 1.0E-6 1.0E-6 1.0E-6 1.0E-6 1.0E-6 1.0E-6 1.0E-6 1.0E-6 1.0E-6 1.0E-6 1.0E-6 1.0E-6 1.0E-6 1.0E-6 1.0E-6 1.0E-6 1.0E-6 1.0E-6 1.0E-6 1.0E-6 1.0E-6 1.0E-6 1.0E-6 1.0E-6 1.0E-6 1.0E-6 1.0E-6 1.0E-6 
1.0E-6 1.0E-6 1.0E-6 1.0E-6 1.0E-6 1.0E-6 1.0E-6 1.0E-6 1.0E-6 1.0E-6 1.0E-6 1.0E-6 1.0E-6 1.0E-6 1.0E-6 1.0E-6 1.0E-6 1.0E-6 1.0E-6 1.0E-6 1.0E-6 1.0E-6 1.0E-6 1.0E-6 1.0E-6 1.0E-6 1.0E-6 1.0E-6 1.0E-6 1.0E-6 1.0E-6 1.0E-6 1.0E-6 1.0E-6 1.0E-6 1.0E-6 1.0E-6 1.0E-6 1.0E-6 1.0E-6 
1.0E-6 1.0E-6 1.0E-6 1.0E-6 1.0E-6 1.0E-6 1.0E-6 1.0E-6 1.0E-6 1.0E-6 1.0E-6 1.0E-6 1.0E-6 1.0E-6 1.0E-6 1.0E-6 1.0E-6 1.0E-6 1.0E-6 1.0E-6 1.0E-6 1.0E-6 1.0E-6 1.0E-6 1.0E-6 1.0E-6 1.0E-6 1.0E-6 1.0E-6 1.0E-6 1.0E-6 1.0E-6 1.0E-6 1.0E-6 1.0E-6 1.0E-6 1.0E-6 1.0E-6 1.0E-6 1.0E-6 
1.0E-6 1.0E-6 1.0E-6 1.0E-6 1.0E-6 1.0E-6 1.0E-6 1.0E-6 1.0E-6 1.0E-6 1.0E-6 1.0E-6 1.0E-6 1.0E-6 1.0E-6 1.0E-6 1.0E-6 1.0E-6 1.0E-6 1.0E-6 1.0 1.0E-6 1.0E-6 1.0E-6 1.0E-6 1.0E-6 1.0E-6 1.0E-6 1.0E-6 1.0E-6 1.0E-6 1.0E-6 1.0E-6 1.0E-6 1.0E-6 1.0E-6 1.0E-6 1.0E-6 1.0E-6 1.0E-6 
1.0E-6 1.0E-6 1.0E-6 1.0E-6 1.0E-6 1.0E-6 1.0E-6 1.0E-6 1.0E-6 1.0E-6 1.0E-6 1.0E-6 1.0E-6 1.0E-6 1.0E-6 1.0E-6 1.0E-6 1.0E-6 1.0E-6 1.0E-6 1.0 1.0E-6 1.0E-6 1.0E-6 1.0E-6 1.0E-6 1.0E-6 1.0E-6 1.0E-6 1.0E-6 1.0E-6 1.0E-6 1.0E-6 1.0E-6 1.0E-6 1.0E-6 1.0E-6 1.0E-6 1.0E-6 1.0E-6 
1.0E-6 1.0E-6 1.0E-6 1.0E-6 1.0E-6 1.0E-6 1.0E-6 1.0E-6 1.0E-6 1.0E-6 1.0E-6 1.0E-6 1.0E-6 1.0E-6 1.0E-6 1.0E-6 1.0E-6 1.0E-6 1.0E-6 1.0E-6 1.0 1.0E-6 1.0E-6 1.0E-6 1.0E-6 1.0E-6 1.0E-6 1.0E-6 1.0E-6 1.0E-6 1.0E-6 1.0E-6 1.0E-6 1.0E-6 1.0E-6 1.0E-6 1.0E-6 1.0E-6 1.0E-6 1.0E-6 
1.0E-6 1.0E-6 1.0E-6 1.0E-6 1.0E-6 1.0E-6 1.0E-6 1.0E-6 1.0E-6 1.0E-6 1.0E-6 1.0E-6 1.0E-6 1.0E-6 1.0E-6 1.0E-6 1.0E-6 1.0E-6 1.0E-6 1.0E-6 1.0 1.0E-6 1.0E-6 1.0E-6 1.0E-6 1.0E-6 1.0E-6 1.0E-6 1.0E-6 1.0E-6 1.0E-6 1.0E-6 1.0E-6 1.0E-6 1.0E-6 1.0E-6 1.0E-6 1.0E-6 1.0E-6 1.0E-6 
1.0E-6 1.0E-6 1.0E-6 1.0E-6 1.0E-6 1.0E-6 1.0E-6 1.0E-6 1.0E-6 1.0E-6 1.0E-6 1.0E-6 1.0E-6 1.0E-6 1.0E-6 1.0E-6 1.0E-6 1.0E-6 1.0E-6 1.0E-6 1.0 1.0E-6 1.0E-6 1.0E-6 1.0E-6 1.0E-6 1.0E-6 1.0E-6 1.0E-6 1.0E-6 1.0E-6 1.0E-6 1.0E-6 1.0E-6 1.0E-6 1.0E-6 1.0E-6 1.0E-6 1.0E-6 1.0E-6 
1.0E-6 1.0E-6 1.0E-6 1.0E-6 1.0E-6 1.0E-6 1.0E-6 1.0E-6 1.0E-6 1.0E-6 1.0E-6 1.0E-6 1.0E-6 1.0E-6 1.0E-6 1.0E-6 1.0E-6 1.0E-6 1.0E-6 1.0E-6 1.0 1.0E-6 1.0E-6 1.0E-6 1.0E-6 1.0E-6 1.0E-6 1.0E-6 1.0E-6 1.0E-6 1.0E-6 1.0E-6 1.0E-6 1.0E-6 1.0E-6 1.0E-6 1.0E-6 1.0E-6 1.0E-6 1.0E-6 
1.0E-6 1.0E-6 1.0E-6 1.0E-6 1.0E-6 1.0E-6 1.0E-6 1.0E-6 1.0E-6 1.0E-6 1.0E-6 1.0E-6 1.0E-6 1.0E-6 1.0E-6 1.0E-6 1.0E-6 1.0E-6 1.0E-6 1.0E-6 1.0 1.0E-6 1.0E-6 1.0E-6 1.0E-6 1.0E-6 1.0E-6 1.0E-6 1.0E-6 1.0E-6 1.0E-6 1.0E-6 1.0E-6 1.0E-6 1.0E-6 1.0E-6 1.0E-6 1.0E-6 1.0E-6 1.0E-6 
1.0E-6 1.0E-6 1.0E-6 1.0E-6 1.0E-6 1.0E-6 1.0E-6 1.0E-6 1.0E-6 1.0E-6 1.0E-6 1.0E-6 1.0E-6 1.0E-6 1.0E-6 1.0E-6 1.0E-6 1.0E-6 1.0E-6 1.0E-6 1.0 1.0E-6 1.0E-6 1.0E-6 1.0E-6 1.0E-6 1.0E-6 1.0E-6 1.0E-6 1.0E-6 1.0E-6 1.0E-6 1.0E-6 1.0E-6 1.0E-6 1.0E-6 1.0E-6 1.0E-6 1.0E-6 1.0E-6 
1.0E-6 1.0E-6 1.0E-6 1.0E-6 1.0E-6 1.0E-6 1.0E-6 1.0E-6 1.0E-6 1.0E-6 1.0E-6 1.0E-6 1.0E-6 1.0E-6 1.0E-6 1.0E-6 1.0E-6 1.0E-6 1.0E-6 1.0E-6 1.0 1.0E-6 1.0E-6 1.0E-6 1.0E-6 1.0E-6 1.0E-6 1.0E-6 1.0E-6 1.0E-6 1.0E-6 1.0E-6 1.0E-6 1.0E-6 1.0E-6 1.0E-6 1.0E-6 1.0E-6 1.0E-6 1.0E-6 
1.0E-6 1.0E-6 1.0E-6 1.0E-6 1.0E-6 1.0E-6 1.0E-6 1.0E-6 1.0E-6 1.0E-6 1.0E-6 1.0E-6 1.0E-6 1.0E-6 1.0E-6 1.0E-6 1.0E-6 1.0E-6 1.0E-6 1.0E-6 1.0 1.0E-6 1.0E-6 1.0E-6 1.0E-6 1.0E-6 1.0E-6 1.0E-6 1.0E-6 1.0E-6 1.0E-6 1.0E-6 1.0E-6 1.0E-6 1.0E-6 1.0E-6 1.0E-6 1.0E-6 1.0E-6 1.0E-6 
1.0E-6 1.0E-6 1.0E-6 1.0E-6 1.0E-6 1.0E-6 1.0E-6 1.0E-6 1.0E-6 1.0E-6 1.0E-6 1.0E-6 1.0E-6 1.0E-6 1.0E-6 1.0E-6 1.0E-6 1.0E-6 1.0E-6 1.0E-6 1.0 1.0E-6 1.0E-6 1.0E-6 1.0E-6 1.0E-6 1.0E-6 1.0E-6 1.0E-6 1.0E-6 1.0E-6 1.0E-6 1.0E-6 1.0E-6 1.0E-6 1.0E-6 1.0E-6 1.0E-6 1.0E-6 1.0E-6 
1.0E-6 1.0E-6 1.0E-6 1.0E-6 1.0E-6 1.0E-6 1.0E-6 1.0E-6 1.0E-6 1.0E-6 1.0E-6 1.0E-6 1.0E-6 1.0E-6 1.0E-6 1.0E-6 1.0E-6 1.0E-6 1.0E-6 1.0E-6 1.0E-6 1.0E-6 1.0E-6 1.0E-6 1.0E-6 1.0E-6 1.0E-6 1.0E-6 1.0E-6 1.0E-6 1.0E-6 1.0E-6 1.0E-6 1.0E-6 1.0E-6 1.0E-6 1.0E-6 1.0E-6 1.0E-6 1.0E-6 
1.0E-6 1.0E-6 1.0E-6 1.0E-6 1.0E-6 1.0E-6 1.0E-6 1.0E-6 1.0E-6 1.0E-6 1.0E-6 1.0E-6 1.0E-6 1.0E-6 1.0E-6 1.0E-6 1.0E-6 1.0E-6 1.0E-6 1.0E-6 1.0E-6 1.0E-6 1.0E-6 1.0E-6 1.0E-6 1.0E-6 1.0E-6 1.0E-6 1.0E-6 1.0E-6 1.0E-6 1.0E-6 1.0E-6 1.0E-6 1.0E-6 1.0E-6 1.0E-6 1.0E-6 1.0E-6 1.0E-6 
1.0E-6 1.0E-6 1.0E-6 1.0E-6 1.0E-6 1.0E-6 1.0E-6 1.0E-6 1.0E-6 1.0E-6 1.0E-6 1.0E-6 1.0E-6 1.0E-6 1.0E-6 1.0E-6 1.0E-6 1.0E-6 1.0E-6 1.0E-6 1.0E-6 1.0E-6 1.0E-6 1.0E-6 1.0E-6 1.0E-6 1.0E-6 1.0E-6 1.0E-6 1.0E-6 1.0E-6 1.0E-6 1.0E-6 1.0E-6 1.0E-6 1.0E-6 1.0E-6 1.0E-6 1.0E-6 1.0E-6 
1.0E-6 1.0E-6 1.0E-6 1.0E-6 1.0E-6 1.0E-6 1.0E-6 1.0E-6 1.0E-6 1.0E-6 1.0E-6 1.0E-6 1.0E-6 1.0E-6 1.0E-6 1.0E-6 1.0E-6 1.0E-6 1.0E-6 1.0E-6 1.0E-6 1.0E-6 1.0E-6 1.0E-6 1.0E-6 1.0E-6 1.0E-6 1.0E-6 1.0E-6 1.0E-6 1.0E-6 1.0E-6 1.0E-6 1.0E-6 1.0E-6 1.0E-6 1.0E-6 1.0E-6 1.0E-6 1.0E-6 
1.0E-6 1.0E-6 1.0E-6 1.0E-6 1.0E-6 1.0E-6 1.0E-6 1.0E-6 1.0E-6 1.0E-6 1.0E-6 1.0E-6 1.0E-6 1.0E-6 1.0E-6 1.0E-6 1.0E-6 1.0E-6 1.0E-6 1.0E-6 1.0E-6 1.0E-6 1.0E-6 1.0E-6 1.0E-6 1.0E-6 1.0E-6 1.0E-6 1.0E-6 1.0E-6 1.0E-6 1.0E-6 1.0E-6 1.0E-6 1.0E-6 1.0E-6 1.0E-6 1.0E-6 1.0E-6 1.0E-6 
1.0E-6 1.0E-6 1.0E-6 1.0E-6 1.0E-6 1.0E-6 1.0E-6 1.0E-6 1.0E-6 1.0E-6 1.0E-6 1.0E-6 1.0E-6 1.0E-6 1.0E-6 1.0E-6 1.0E-6 1.0E-6 1.0E-6 1.0E-6 1.0E-6 1.0E-6 1.0E-6 1.0E-6 1.0E-6 1.0E-6 1.0E-6 1.0E-6 1.0E-6 1.0E-6 1.0E-6 1.0E-6 1.0E-6 1.0E-6 1.0E-6 1.0E-6 1.0E-6 1.0E-6 1.0E-6 1.0E-6 
1.0E-6 1.0E-6 1.0E-6 1.0E-6 1.0E-6 1.0E-6 1.0E-6 1.0E-6 1.0E-6 1.0E-6 1.0E-6 1.0E-6 1.0E-6 1.0E-6 1.0E-6 1.0E-6 1.0E-6 1.0E-6 1.0E-6 1.0E-6 1.0E-6 1.0E-6 1.0E-6 1.0E-6 1.0E-6 1.0E-6 1.0E-6 1.0E-6 1.0E-6 1.0E-6 1.0E-6 1.0E-6 1.0E-6 1.0E-6 1.0E-6 1.0E-6 1.0E-6 1.0E-6 1.0E-6 1.0E-6 
1.0E-6 1.0E-6 1.0E-6 1.0E-6 1.0E-6 1.0E-6 1.0E-6 1.0E-6 1.0E-6 1.0E-6 1.0E-6 1.0E-6 1.0E-6 1.0E-6 1.0E-6 1.0E-6 1.0E-6 1.0E-6 1.0E-6 1.0E-6 1.0E-6 1.0E-6 1.0E-6 1.0E-6 1.0E-6 1.0E-6 1.0E-6 1.0E-6 1.0E-6 1.0E-6 1.0E-6 1.0E-6 1.0E-6 1.0E-6 1.0E-6 1.0E-6 1.0E-6 1.0E-6 1.0E-6 1.0E-6 
1.0E-6 1.0E-6 1.0E-6 1.0E-6 1.0E-6 1.0E-6 1.0E-6 1.0E-6 1.0E-6 1.0E-6 1.0E-6 1.0E-6 1.0E-6 1.0E-6 1.0E-6 1.0E-6 1.0E-6 1.0E-6 1.0E-6 1.0E-6 1.0E-6 1.0E-6 1.0E-6 1.0E-6 1.0E-6 1.0E-6 1.0E-6 1.0E-6 1.0E-6 1.0E-6 1.0E-6 1.0E-6 1.0E-6 1.0E-6 1.0E-6 1.0E-6 1.0E-6 1.0E-6 1.0E-6 1.0E-6 
1.0E-6 1.0E-6 1.0E-6 1.0E-6 1.0E-6 1.0E-6 1.0E-6 1.0E-6 1.0E-6 1.0E-6 1.0E-6 1.0E-6 1.0E-6 1.0E-6 1.0E-6 1.0E-6 1.0E-6 1.0E-6 1.0E-6 1.0E-6 1.0E-6 1.0E-6 1.0E-6 1.0E-6 1.0E-6 1.0E-6 1.0E-6 1.0E-6 1.0E-6 1.0E-6 1.0E-6 1.0E-6 1.0E-6 1.0E-6 1.0E-6 1.0E-6 1.0E-6 1.0E-6 1.0E-6 1.0E-6 
1.0E-6 1.0E-6 1.0E-6 1.0E-6 1.0E-6 1.0E-6 1.0E-6 1.0E-6 1.0E-6 1.0E-6 1.0E-6 1.0E-6 1.0E-6 1.0E-6 1.0E-6 1.0E-6 1.0E-6 1.0E-6 1.0E-6 1.0E-6 1.0E-6 1.0E-6 1.0E-6 1.0E-6 1.0E-6 1.0E-6 1.0E-6 1.0E-6 1.0E-6 1.0E-6 1.0E-6 1.0E-6 1.0E-6 1.0E-6 1.0E-6 1.0E-6 1.0E-6 1.0E-6 1.0E-6 1.0E-6 
1.0E-6 1.0E-6 1.0E-6 1.0E-6 1.0E-6 1.0E-6 1.0E-6 1.0E-6 1.0E-6 1.0E-6 1.0E-6 1.0E-6 1.0E-6 1.0E-6 1.0E-6 1.0E-6 1.0E-6 1.0E-6 1.0E-6 1.0E-6 1.0E-6 1.0E-6 1.0E-6 1.0E-6 1.0E-6 1.0E-6 1.0E-6 1.0E-6 1.0E-6 1.0E-6 1.0E-6 1.0E-6 1.0E-6 1.0E-6 1.0E-6 1.0E-6 1.0E-6 1.0E-6 1.0E-6 1.0E-6 
1.0E-6 1.0E-6 1.0E-6 1.0E-6 1.0E-6 1.0E-6 1.0E-6 1.0E-6 1.0E-6 1.0E-6 1.0E-6 1.0E-6 1.0E-6 1.0E-6 1.0E-6 1.0E-6 1.0E-6 1.0E-6 1.0E-6 1.0E-6 1.0E-6 1.0E-6 1.0E-6 1.0E-6 1.0E-6 1.0E-6 1.0E-6 1.0E-6 1.0E-6 1.0E-6 1.0E-6 1.0E-6 1.0E-6 1.0E-6 1.0E-6 1.0E-6 1.0E-6 1.0E-6 1.0E-6 1.0E-6 
1.0E-6 1.0E-6 1.0E-6 1.0E-6 1.0E-6 1.0E-6 1.0E-6 1.0E-6 1.0E-6 1.0E-6 1.0E-6 1.0E-6 1.0E-6 1.0E-6 1.0E-6 1.0E-6 1.0E-6 1.0E-6 1.0E-6 1.0E-6 1.0E-6 1.0E-6 1.0E-6 1.0E-6 1.0E-6 1.0E-6 1.0E-6 1.0E-6 1.0E-6 1.0E-6 1.0E-6 1.0E-6 1.0E-6 1.0E-6 1.0E-6 1.0E-6 1.0E-6 1.0E-6 1.0E-6 1.0E-6 

